80000 100000 2000 3000 
49383 
50886 12777 76915 67793 78335 45386 492 36649 41421 2362 10027 8690 40059 17763 73926 60540 63426 9172 15736 45211 75368 62567 76429 65782 61530 2862 65123 54067 63135 73929 59802 34022 43058 13069 58167 41393 58456 15011 78042 56229 17373 44421 64919 13784 18537 15198 74324 38315 24370 46413 3526 56091 28980 79956 41873 46862 39170 26996 57281 22305 20925 37084 56327 20336 6505 70846 61729 21313 5857 16124 33895 59582 60545 18814 73367 35434 70364 24043 73750 51087 26808 77276 27178 55788 33584 25403 22651 72754 52399 79932 15060 29676 73368 27739 50012 36226 18586 68094 57539 60795 
40570 11434 40378 57467 66601 70097 12902 13317 50492 6652 20756 77301 40280 4286 9441 73865 29689 68444 66619 38440 24729 38031 68117 18097 65771 74481 10675 40709 18927 24567 57856 59497 72353 54586 36965 15306 44683 6219 28624 51528 12871 5732 48829 9503 10019 58270 3368 39708 46715 26340 78149 27796 20723 22618 2245 42846 53451 12921 3555 72379 37488 17764 8228 29841 72350 45193 1500 37034 7764 30124 44914 56987 35856 13743 66491 2227 28365 69859 41936 31432 52551 76437 59228 73275 55407 61474 36121 28858 74395 76029 21237 68235 13793 65818 54428 6143 31011 55928 79529 38776 
42404 44443 15763 34613 14538 38606 36840 42904 64818 35128 30688 37369 67917 9917 66996 43324 27743 59470 72183 58490 55499 49772 46725 25644 35590 57505 68139 22954 69786 67669 18082 68542 68464 70197 59507 39355 28804 16348 38611 13622 7828 69299 7343 75746 35568 74340 75422 63311 53810 67605 41801 65661 73730 44878 11305 29320 58736 79444 8626 48522 23465 26708 73416 48282 53258 52924 7637 2062 25624 2600 52036 33452 71899 59379 65550 27468 10071 60973 47131 63881 4930 8933 5894 78660 10163 17199 27981 68899 52996 72959 73773 32813 19668 67190 1095 72926 76466 45084 31340 22090 
47684 3376 55542 75936 19107 77445 59756 29179 58418 26887 49412 63348 72172 11659 62009 2336 65210 46342 27587 38206 39301 57713 27372 15321 1255 64819 44599 77721 29904 75939 19811 33940 35667 31705 66228 11127 29150 45984 76658 43920 29224 2422 27269 21396 14081 45630 60084 79292 11972 7672 73850 7625 65385 21222 59299 66640 6042 23898 20713 72298 56190 40524 62590 48209 28581 48819 59336 57732 51155 55994 58004 379 14769 5273 21776 28850 7255 1860 28142 55579 45884 21993 63205 67621 79567 42504 10613 41961 22754 31326 34259 78944 28202 53202 3506 56784 22021 62842 70868 29528 
75189 48872 29908 9958 10498 8036 38808 17753 46248 23303 73333 12133 1648 12890 79754 37567 11746 10368 79529 34500 78046 33788 69797 26249 6990 73303 3033 65363 12497 30253 14892 7686 79125 1152 53996 45975 9188 49157 63729 55436 72460 13414 23921 30460 26304 60028 68027 38050 26748 67556 28902 24794 57697 18699 51043 21039 12002 10428 6403 24500 40681 57647 68538 76159 15151 42535 42134 24339 11692 62215 36127 40504 75629 60049 70964 58285 76429 15343 16335 23177 2900 45238 47971 16949 20289 55367 37988 32292 65795 743 13144 62829 58390 1682 15340 73541 569 13826 54232 12261 
76042 10360 9117 28023 26761 81 6309 23190 15425 58996 46367 54677 24234 50690 71626 44524 26057 29614 33168 48205 30358 46312 67386 45100 4346 2726 74994 4916 16552 5578 53529 48946 52290 62647 76970 79051 19080 39631 58593 70857 18627 61312 1886 79214 68355 73512 90 14412 59479 69610 18969 46189 72274 6355 47641 76620 45433 78987 37888 18338 4566 47770 67284 56856 30417 20606 12260 5849 60237 27205 33059 35217 8518 34945 70783 76873 28458 70873 47637 44289 60483 66607 10478 52757 29314 14471 5729 31100 13459 43618 49438 18025 11388 73074 31233 78157 13681 43493 40358 30270 
70699 73417 21839 35569 28363 12622 68794 13173 39847 36431 57462 56682 59390 24292 65791 45057 75115 71521 76157 8574 71491 1947 62951 39231 75021 50537 73740 45054 14030 34098 75325 41081 27516 53516 33002 12231 66139 21796 25404 62338 14580 39218 39021 73970 19862 24812 75379 14977 52685 71536 59904 44176 73483 79207 39759 24857 49744 33499 69911 20127 23950 65236 17560 7818 75105 50563 20049 61244 28711 1805 79934 43291 77375 38955 73614 53589 63768 68993 24918 72805 16882 4822 36982 46717 4030 33093 71574 10126 66593 61486 30253 10543 3074 47814 54713 78179 18377 74762 15775 47088 
32919 15710 46732 30294 11017 40346 40235 31137 65691 65153 23943 2573 26328 60925 49291 66710 14018 77217 76836 36963 15055 27090 3858 18130 74904 58571 52661 49633 9685 24789 53073 42604 76851 19805 29250 7868 16503 69485 39006 2195 54639 62949 41120 967 226 46763 67677 50596 43981 20865 7560 59036 47955 47770 33518 79211 26342 42532 5196 72379 67321 58270 34984 64172 34427 64234 72040 7283 10072 67398 45830 21063 50347 6950 22030 50573 53714 46059 57522 54047 66924 65082 69435 71232 69204 22954 70443 51898 65486 75640 44278 9159 10262 79262 29683 1041 19848 21723 8324 66272 
9122 54154 7335 15821 17457 29365 22747 71171 31776 269 45218 18701 21703 34653 9933 10907 13959 36728 62806 35797 68720 27084 1308 35334 62698 30991 36376 38898 52715 1052 25171 18189 11559 32506 34010 29016 18224 13109 56539 50000 13378 58109 25053 35081 49114 71338 45989 19426 28067 65147 55223 16787 12231 56532 52122 31281 43875 44850 70179 16590 2254 15350 71131 13813 47857 61494 79181 66081 74603 55720 72433 7982 70181 17487 79415 39296 8825 45404 58722 36892 30551 70297 10032 79134 3181 18506 30415 47057 19708 20595 19999 21962 72297 47483 35776 40154 28977 71309 62587 59932 
3382 55021 24266 73563 28860 23682 69211 37685 69086 4285 30930 55990 74583 77314 11476 34116 15820 41892 37525 35528 18839 57525 57490 11136 61360 49618 7643 10337 40928 26582 26621 44310 37955 50888 74225 66815 74570 63437 60853 20008 67722 11783 32350 18657 9097 43827 9126 61269 42071 46651 53149 60910 60528 30639 28398 41888 36610 72393 8577 33890 18976 35199 34552 56931 6087 28777 99 657 48566 60952 57017 72641 72735 9368 11298 38184 53195 56776 55805 15266 23428 28954 32528 40308 59593 17278 2197 52555 9672 10774 6445 65000 2325 40997 78283 8412 26127 78382 45421 74693 
59334 22439 67334 8421 68159 34985 2957 41354 11761 58762 12972 71541 7716 1852 31850 23662 55482 70399 76217 65154 1173 39015 6506 39851 36364 4790 48263 62491 3172 50037 13537 18859 28828 871 27280 16987 35856 66590 58341 3970 45352 27665 75511 53069 29517 27361 33083 41351 54112 29300 26506 11638 24667 69364 51489 61032 74154 56104 79875 33679 26141 13412 52538 54969 50636 36170 71956 42844 22760 6649 46814 24465 34314 42326 33886 20183 26039 66969 61535 152 52621 44393 11790 77289 70109 19631 14673 64264 75735 14548 54295 21877 64313 26833 33198 34949 19355 25155 77793 78468 
68156 960 22933 58823 43286 13171 35358 25677 140 53245 62181 52761 53990 30323 50050 44100 49954 21075 28364 2042 35624 2659 23919 56289 65844 13469 11238 41551 74976 45383 40019 63133 46343 19304 41956 45981 32475 33666 28011 68967 6912 10192 41729 60902 76868 48131 25002 3174 69207 9718 5216 61183 12377 65487 37472 34573 78957 5062 76125 73933 6797 72496 13418 53141 48153 11726 55474 36980 45393 3485 25948 52305 50030 24029 69559 46898 72160 14562 6424 17719 24280 11641 78902 73010 33480 72726 27583 68789 34140 23708 62723 40938 52557 32493 50431 20710 44220 25905 57690 9613 
29391 3638 18270 79421 27667 7829 2671 56180 58743 9095 73899 3024 57088 29154 32386 10569 58232 59969 35710 12373 40030 18433 9663 12587 7279 60094 69649 51499 42351 47339 17464 71742 7330 72086 27515 71349 79915 30186 3881 15011 75634 34133 54387 52722 63287 6773 19643 41519 66742 55354 10244 63124 30139 56259 32063 37418 36353 21712 45269 78705 25404 62733 26799 32734 54819 54315 60435 11087 40853 20669 62450 36487 54802 36837 45562 38089 43610 65205 35960 66704 76911 2557 49829 63403 58816 1892 20821 51522 23605 22443 6579 5361 41528 33378 74447 52700 44045 54882 63787 4899 
75551 2589 41386 50353 39426 6948 44794 3036 28506 37107 26092 25417 39664 75921 8820 18480 34166 65994 26354 14123 8437 32933 19484 6317 66312 13931 59017 66709 25165 79156 71608 57069 1745 32995 27422 41171 76295 28569 559 24801 65676 26652 6571 25340 58925 51743 172 13091 74089 26527 63566 38878 15812 3050 45196 2124 53333 24213 25186 78499 23370 16794 55568 25115 6141 39342 22639 2437 24263 23198 63590 9939 6202 26513 71631 65128 78257 71804 34571 72346 54683 18138 31225 70495 57540 76421 28972 67226 20634 54158 65725 356 70952 77645 25472 33446 73339 48111 35883 17603 
27661 55825 27542 70216 2339 19174 55344 596 47330 46267 29294 22013 20757 60519 48860 34650 13292 77832 21876 70279 51990 43953 70635 79295 41598 16107 32741 34937 20570 24976 52540 4584 801 83 74800 39492 55609 6496 76440 22939 52763 25735 1304 29873 42606 50164 64523 12251 4349 42751 2530 56339 6704 73165 11986 48302 45625 1079 39591 22547 62407 48484 27131 19561 4919 21931 59053 60528 28427 55494 39819 37543 37581 41123 23768 187 47639 44643 12438 51988 7394 51320 64680 14098 44486 33018 18752 46463 34098 14695 69010 16505 63179 16142 36066 68098 74425 51472 4978 22853 
26966 44797 16748 64547 42272 40516 21086 9912 5159 69877 61900 12553 41197 2932 63003 42035 35951 38107 8498 70049 9154 33861 42906 72334 50003 35325 16784 44428 6797 21763 23633 70115 66560 40381 11014 65185 897 32100 75097 42408 58329 13349 11313 55879 52634 74316 17914 8585 68775 62765 34986 77930 16626 77892 26616 66629 69569 79752 67409 76366 21515 47395 22833 44428 7776 33847 29613 45026 22300 61062 43786 629 30763 55100 56508 3397 49416 30775 11982 74544 13540 3320 28826 66518 37565 11794 9499 27134 11546 76908 59853 33062 44303 2686 33842 8432 36534 19807 9810 58834 
869 53596 15815 67984 28696 72324 71382 34465 59451 39716 65361 29343 43037 14187 15861 602 25981 25360 64088 73879 58620 43941 63293 22924 46628 17135 67708 3162 36942 33870 61996 74163 7466 77811 18500 72515 26487 46234 63332 42290 5950 48693 71633 5339 62880 7494 42293 45213 32854 26382 75444 11475 70323 58738 70751 36951 75873 14811 76465 69168 48681 14813 19683 12499 48977 74535 5014 75464 40769 68346 74107 3072 73391 65740 8411 12623 29587 7057 57836 18793 33439 53281 66620 60114 68371 57371 53418 20596 28534 49883 9764 33567 64697 65800 46067 33674 60335 7433 65490 57457 
32132 15949 60529 25523 1690 25292 38147 67629 32349 52335 6422 22140 61968 73043 2255 50339 6766 12025 70936 71653 18260 37052 25220 2957 59204 71287 72983 39540 78721 14826 16997 67205 67127 33878 12728 25169 59170 7227 12798 11520 59563 19221 33660 77883 48616 72267 48223 55382 4292 75511 47035 22553 32563 28608 61862 11768 19895 11198 7660 54968 62376 61009 42173 49503 14887 11254 74673 74057 18481 43823 41929 34396 63044 31942 32280 68012 24209 36855 79747 64854 32366 3134 43759 21281 31742 61973 69401 51638 73171 33413 62958 11899 14422 61484 17755 65661 29090 48780 16071 3923 
12603 58000 38320 32000 9942 26952 20012 70504 63807 19759 55358 52525 22894 19117 30158 54636 1090 19560 62626 30614 52973 1937 78865 23748 63421 16620 9409 48863 65400 61832 52786 78004 39833 47458 66356 6127 74410 6368 76631 14569 26128 8341 23446 5374 27458 53605 60010 64901 73165 78989 51867 2490 926 50732 26238 20699 23705 72000 69562 45457 53832 42348 43461 50017 9807 66169 12497 40569 72538 9128 55139 55018 17470 78585 60392 1280 8542 76754 22533 1707 75743 74400 40550 33021 1485 66788 53720 25190 15140 79634 70647 25325 41983 70461 31694 8142 56630 44191 5063 5520 
53320 16554 60538 27142 51492 40930 28422 60034 37685 7308 18094 69780 1708 58644 22802 39545 1784 76522 21087 16925 76157 11735 78602 74492 38548 30296 38986 51530 30840 44049 57051 40512 16956 37589 67654 68448 34872 52428 48482 72557 16088 66576 62337 17797 45220 5139 13694 47005 38014 34782 20282 70523 2869 55236 65015 41417 41884 60353 49299 72724 60754 26350 33236 77710 20292 57242 66158 55164 66023 34641 47721 2111 57569 66410 56260 22790 27902 69955 26147 65916 61089 2781 56439 63958 58017 77806 25375 19901 14511 74674 48978 75265 57377 38566 72976 77669 52161 59134 52833 
94536 
50127 36906 72999 67697 83316 89260 66839 87570 55567 52986 13486 13008 35767 46277 96966 70136 20435 78693 70037 34946 9719 95367 50212 87096 33934 19540 21117 26095 78674 73950 20631 28802 27208 93630 12851 10525 99242 79690 14447 71161 32676 27934 84169 84795 90563 81135 54931 27351 76180 41320 62297 85900 36688 28861 72996 86974 48401 94114 13069 43428 84416 50052 88582 11625 43682 1433 38502 59277 81123 52949 46790 30151 97235 30960 14946 87799 28447 86229 31502 4628 27549 93799 90528 80589 39013 79876 67563 3766 73990 96984 47194 74759 47036 35776 86384 7071 37209 41238 82700 34684 
10539 29490 64835 7775 60450 79781 11926 5250 82362 43428 9878 26264 53579 16758 6853 8944 96634 90769 12711 86977 4105 76257 61736 51142 12034 64472 74565 65595 5710 57265 16632 16249 3107 81467 40376 63558 77601 52302 85160 59963 12082 95038 86227 82014 11796 9433 90958 8430 16554 3669 95407 20659 79927 73495 71801 8313 37967 62718 90260 60029 36335 6892 92631 39443 4712 33007 19353 82313 1662 4513 58628 30096 99551 44856 12110 27699 70641 3069 52481 87195 23090 47889 7854 19369 37736 96008 27682 75704 58726 34295 35733 11414 41187 28364 50857 62251 77724 70210 44564 95738 
74723 3193 25834 90626 64401 37945 18325 51394 57366 70806 38589 80456 35047 62795 99826 72784 58803 43860 64840 33882 78155 573 61648 35695 45290 12505 97946 39366 99067 58863 35104 73790 78408 77290 80768 59161 15235 99093 10555 72601 86251 49144 69410 37651 28291 85588 10435 3447 29448 75275 53681 23956 92200 15329 59651 53842 27834 73949 9560 26901 49164 44664 17043 27572 21955 97811 86733 53542 13256 13640 42496 15859 79136 28258 53510 7428 13846 80297 10875 43294 71924 64556 67250 64125 79885 43253 34319 24071 33555 43880 67324 82719 4896 84367 26644 43203 98530 29729 96746 11786 
43370 55594 27645 38858 83852 97508 46286 97698 77805 73513 57344 49730 54421 40947 30207 50658 84200 80878 74729 34107 24758 42053 33179 46007 42772 76175 89210 41302 5904 2308 69440 65626 57902 97086 4485 58106 10946 67123 55804 88751 40637 29501 54833 11410 70448 1392 62069 71000 82271 53150 5108 23381 11556 38287 69388 54328 14462 74951 11983 36718 77259 81423 2345 51514 94861 23182 25972 5807 6657 98129 10911 47294 27630 65744 75057 98078 67137 37126 69078 65760 6628 74186 89141 18184 28825 74882 88865 59639 49833 848 96358 43444 98623 15055 11310 93485 54589 37283 15644 61246 
35412 26555 24893 63042 92300 99950 61120 75789 53428 46550 41549 60056 20737 47042 78241 65914 21924 83458 25554 88109 658 38264 31554 99281 53319 59216 9118 24260 96499 24763 85506 48263 51318 10399 11305 59970 26701 88777 52111 80129 35328 10012 40186 72417 57055 34779 54683 78979 34589 80237 67089 35247 34853 14995 50880 4524 74211 59999 28784 70711 1114 30643 35326 68784 41042 46632 45107 84096 51761 97218 64225 3441 7231 20763 92210 64286 71894 46894 59617 22835 43483 43058 58082 78337 58053 25315 99213 48617 85314 27998 35680 2780 58641 71006 71564 16035 17638 33023 131 85752 
30242 80709 5545 53825 17824 97756 34463 6071 61002 94080 28906 4485 53491 86989 99174 11544 28656 98388 60161 13970 42738 95841 33102 1379 66848 21018 33766 838 54042 50250 2942 84284 30959 8488 54461 65135 22596 88924 71206 83598 99356 113 4435 52847 3454 19962 80744 32110 34702 57257 62432 77440 69451 11886 95171 36299 32904 45289 53489 86946 95539 72784 87582 42850 81272 42043 7986 3868 47319 79192 3818 46676 95657 8253 15875 15463 28215 96619 63925 79269 53877 42709 56709 39680 54595 68232 92331 87500 13522 45820 74446 25413 34956 62029 68264 16228 20424 76250 36448 67744 
71794 56618 30772 83804 64872 46647 99267 9439 59619 63193 88709 29848 22254 61770 69528 76850 46355 61859 64350 76229 24031 55148 1642 58988 17177 69906 91568 53954 62508 44369 21698 34303 987 52470 18107 82211 15469 33726 8003 91440 13271 13064 21288 35526 91186 90816 12376 37541 69027 93078 30122 93059 48226 31765 68399 65404 18023 59967 19358 80532 20688 57408 31187 21676 26230 49294 20239 58051 99372 28242 49492 12644 41306 70780 64522 32493 77949 76898 86386 63328 69976 16509 56387 18202 64626 41138 99958 82649 17458 35668 63181 38146 9428 10720 76174 35658 60014 96414 10062 75739 
24656 59554 4735 82315 30334 69257 31160 24635 62507 17546 87964 32483 34055 60703 67037 15033 1842 83348 97683 19300 35368 77216 57446 61149 87937 33621 13159 64303 46387 23221 40042 71043 82775 44777 69710 29462 30386 870 54097 92893 18417 42061 41728 68824 19117 8766 83858 20959 8466 97893 40259 60186 75109 14057 21335 63046 64030 34495 43702 10417 57716 96 97813 40492 44874 67523 86306 75260 68394 40403 84506 3163 98817 26234 88339 17934 51352 88549 38893 59818 86442 95504 20005 77904 25913 57692 57302 89944 92187 1004 361 66256 1101 14526 6748 62327 82050 93054 53939 66796 
49809 38445 86311 48626 64680 91002 82912 16032 79552 38157 92203 82346 33661 28560 60250 75927 86252 17553 65871 78440 18557 82584 61048 36010 97111 84148 98337 95513 93554 52277 78661 43363 7074 81324 8342 71754 72326 91254 4139 51878 45764 96342 34225 95777 24902 10827 71704 11154 28380 37575 5946 63290 20160 66994 99300 33623 51142 13990 45488 44696 82619 24149 4412 89693 21825 12754 61448 94151 20360 65587 62382 66124 61929 12959 61902 3183 23786 33606 14337 52167 87534 36636 31809 24046 3630 31109 57669 71125 61451 3157 32173 44070 43658 36585 33764 65483 49339 11564 75986 86052 
93503 38368 52176 55432 51327 30430 74967 91466 64037 89304 43633 51571 42292 91794 75617 62275 39255 49638 33400 707 69147 65573 44777 29157 2159 94893 10992 67850 6457 86978 53902 99960 25347 22431 71744 93026 52861 46711 84492 16898 52368 44477 84821 94660 36271 76790 73287 91879 42780 6687 92586 28279 88613 37363 57436 7124 48609 68428 74974 55066 71759 45229 55027 13458 67660 26771 6484 36873 89835 7329 70124 42203 68158 54945 53215 20782 48088 26503 12661 90868 49542 5247 35500 38155 58962 92936 61631 7571 77717 52958 62638 49476 98187 34017 62934 82199 77140 85770 19072 83327 
9451 89196 41882 77610 60494 95098 98392 8582 37953 11053 15802 3847 32652 67654 58355 91614 60591 19986 15538 54660 72944 94528 20488 87483 28545 83422 86034 22037 85544 5107 5365 94996 10655 47247 72606 71149 58697 87350 96083 13002 98403 28238 16850 31055 95892 75205 39021 72835 95191 70911 27495 84488 65439 47983 88323 10336 47757 74358 48726 33302 79465 54091 44650 90120 17690 33608 77622 76388 20958 90057 89390 19361 18295 6240 66768 30540 97797 22141 3375 9341 93053 47223 93829 74844 11558 82152 1533 59316 56510 50259 8970 52327 4350 69972 58800 22040 3580 52774 14780 24538 
42831 4171 43899 77479 26763 27019 8019 24561 65512 27746 50254 74917 74969 44083 49762 86528 42587 51295 62196 15450 1554 71166 84129 22256 41138 42929 44296 44718 12055 75429 85608 54887 79600 29507 48718 22715 72878 56737 63628 38390 835 13882 13308 75805 74317 79422 78685 33257 47069 40881 48707 48623 28399 32836 70879 85889 92118 31527 30607 4173 6956 16215 75412 2908 62074 24130 41976 51304 97219 21956 6046 98055 35839 35706 90212 26508 15128 68897 59765 62197 26130 8472 27172 54529 57661 14403 40418 66131 62283 87377 86656 85591 19944 62069 4852 98370 2551 46828 66026 16123 
68784 72072 30530 20975 7779 37094 47484 39259 5991 7249 17809 48473 32074 44981 3002 89735 75737 59772 55866 38020 63501 58874 23611 83445 20943 44815 98167 39847 91643 64193 72322 76780 52617 19204 14107 60396 56298 61591 16008 62289 85193 33817 10762 17267 95150 30116 23354 70887 6240 95572 25259 69741 54446 65223 69538 91742 10038 67705 31589 1682 48250 20263 94814 867 39467 8921 77616 95765 86865 93624 74406 72058 27441 1520 89325 22591 47988 12679 9831 54228 8251 35090 23969 62697 313 9859 70791 10352 93916 18732 28386 42166 38995 23200 59385 94814 48473 37001 90579 35338 
46977 81337 7396 74418 82857 13073 13362 30845 42104 23193 1425 66707 74635 41746 29405 74949 51605 16548 1653 61873 35281 30039 4039 74276 69591 79777 69091 18064 33130 76022 69755 80108 57360 77151 54526 56569 6577 84240 87415 48681 7433 5192 15389 82069 46939 61146 73370 14896 77694 75023 76770 12975 21414 97161 3604 91005 76938 72695 25421 10069 65069 95176 90177 22429 88680 61055 78999 95257 45296 82766 43938 69081 87958 75679 67502 51249 36825 57224 66146 30872 32247 42916 43847 53661 40077 47451 61018 17016 36498 86440 43437 1568 81616 49966 40349 70296 11021 19348 81905 72669 
18466 42196 41751 22777 17875 25605 74026 71053 82830 40172 1925 31429 83088 45772 1443 39518 9576 62461 72886 62426 48901 16323 63994 46870 66289 20696 33518 93662 56396 15424 66332 74863 57620 24435 97640 91847 66392 88018 62900 49222 44543 64825 97004 43983 26950 98447 83501 52878 60908 56387 15304 26162 89062 95651 73032 55351 16347 22902 65366 72743 38326 48050 63958 12298 88837 77950 20498 55229 65969 83398 20804 10512 64576 17808 70847 7878 16255 54349 77108 77163 10736 8764 19677 16151 4415 92709 87854 37114 15612 53220 26210 70290 1270 90168 98941 90107 84471 19439 61689 50440 
19189 82493 77304 117 16653 48151 24347 32908 18852 1455 26423 45941 26572 46101 62092 47339 55162 49946 84454 87126 19519 27016 73769 20789 17184 72710 27249 1655 8501 5290 68447 44042 87783 62103 60512 20788 26607 1211 53696 61811 19019 96471 7752 45591 58924 86196 92930 14087 36143 93736 17565 55662 20752 91334 92803 54289 80396 36404 72296 88897 41694 57096 49292 45829 19199 26156 66617 62158 27367 36665 40322 46386 33137 48074 91977 92061 34271 84908 22500 86766 94996 40066 58780 15749 31400 67935 70038 11797 4340 42334 17046 62386 99430 82690 8216 34982 8846 91185 13492 36214 
27851 53814 98952 77340 18241 90930 85753 68864 92190 8254 55630 87186 64672 30762 19287 96072 98697 89325 24221 19389 31660 57620 81776 47442 40310 89992 82424 65509 97529 12269 18075 25380 66083 17027 2720 84324 24309 88474 53188 16499 13080 25170 20038 77752 55932 39325 90176 70982 28651 14398 90371 76663 88370 72147 40457 45032 78491 39234 10541 76021 51503 28616 17753 33938 61996 36826 18263 86305 41652 87803 19157 54732 29326 39195 48836 85258 78520 39012 72592 23523 69762 62964 16538 58132 51463 73348 3165 46307 12582 30058 22328 80437 75027 56433 14375 37023 93259 48990 23328 34911 
53146 42485 5995 82472 98032 54831 84082 92905 10196 56675 16428 79958 19639 49319 54443 87454 22667 73960 33761 51601 20370 72441 32038 95397 28875 46413 32420 38486 11756 72101 73398 64902 30938 95745 47374 45323 66929 31456 38228 77125 88131 71008 73435 24122 36679 44230 11577 59346 18190 61690 10947 54913 34132 59337 50310 63007 5751 99083 1493 17507 87536 91243 82409 34826 86989 46135 80149 53918 77591 18377 47395 65723 5738 20830 6197 42417 81413 17774 18116 15955 79465 45415 70868 29949 4753 21179 92956 26856 36614 10801 60715 24150 18397 59476 58976 21738 5611 39126 92008 83202 
73855 39403 65277 79593 76585 71475 22011 57998 5601 40127 90306 1418 85542 61174 31367 6647 82353 24323 33503 18967 51477 94218 59469 86226 53694 18446 7964 59305 73924 99972 58860 47779 55727 24137 43725 48664 11964 65736 23015 17566 22215 13321 18984 24109 74495 50352 30757 73201 91027 64260 8520 58856 74831 67990 45082 28525 2788 53046 4183 76712 69370 63043 24491 41449 3532 68216 6466 15497 50304 29481 33063 88871 59154 68399 12981 50001 18751 60090 23202 26131 40702 48075 84987 15533 16065 30070 60411 35205 99468 80946 11917 85191 43989 52760 42992 63873 37329 49458 79370 87633 
95291 28785 92857 70797 13537 22190 20799 32288 82280 60353 74771 39334 8428 59759 71220 40845 6181 47983 76050 22001 28929 4319 7192 89270 57080 66537 53143 94409 32347 48866 98394 27639 94003 7603 14788 7540 29793 35587 56181 28425 95941 30952 84112 20721 7063 55332 61567 13244 3315 53969 35246 32244 58289 58790 21514 31721 25327 91009 26130 57675 39875 40876 1666 50231 48480 16454 57771 94625 52042 30304 39403 64335 61257 23515 85056 84672 78847 62975 97917 98514 16945 33163 30758 91586 91953 68624 23307 17281 59633 65789 91308 15861 23017 92974 66092 87849 9428 40215 82475 77822 
86872 38230 42157 64481 61745 43566 49153 40592 6541 47070 55458 39838 96585 86216 31424 88539 71192 71083 22172 47177 36872 29832 63038 76242 22806 45482 64091 48586 2050 62918 26409 88922 1148 84918 69755 79245 28484 18908 36189 51378 65979 91647 91216 62564 94215 38993 67455 65407 10076 5979 12585 63301 35811 91975 55895 74969 53810 19986 23556 72212 99257 66317 77486 16757 51235 47241 96003 96072 66149 32192 47450 48480 23840 55018 27397 18055 94011 11204 99815 20440 17184 12400 93 69347 20727 55988 44317 74537 75974 67873 63101 91583 34190 40587 8341 1777 87828 20696 14201 70330 
52888 78003 18810 93080 33022 62559 11136 43385 73764 27303 80177 7300 56055 80270 76647 76782 36258 20964 67672 28585 88837 30773 20168 39379 71361 44861 57509 59189 65557 71710 29519 18446 66066 64682 27878 99088 27241 55366 58825 17357 82669 39003 24657 38724 35625 1305 15507 71884 22269 99531 469 27459 30304 36989 83190 1665 81851 57051 77207 47408 28762 23078 82206 94828 87760 10085 10268 31354 65451 85445 48711 48121 40800 73369 86845 76426 91026 18704 64662 13295 18235 65131 57106 48540 2120 56649 66557 323 13700 60116 47732 58814 83195 46290 53642 87307 56375 80262 35013 38179 
82060 77 86300 22860 73446 89497 15638 80824 24554 80300 10471 42789 45431 67578 7681 63904 40579 90591 64227 54279 50707 28311 13094 50254 74602 83088 53914 47329 79703 5279 85508 61763 5356 88160 975 95154 94010 16614 75978 18564 96914 86450 61353 58698 70380 85387 38954 10959 75978 19533 65238 43037 47845 94684 9644 38799 77773 63558 86128 73828 68837 87989 35591 90546 76149 52918 85700 70159 69532 61679 88723 82799 48129 66429 41497 18509 51816 96803 45820 44146 16336 11058 87183 80533 22095 96827 19332 16220 76737 21813 90048 61927 9802 41991 52473 2303 94909 54525 72463 64442 
16204 77538 63593 80685 60319 21442 15546 28487 18245 61366 72633 34581 88777 76169 15115 10872 89348 50799 27092 82438 72612 17140 44365 82414 59131 13190 1070 70392 67715 73533 51186 272 67423 14779 80957 44095 36221 96504 72582 70818 74222 61568 21752 62999 54089 53219 73871 59789 4018 17315 42227 92983 34455 2944 91749 9938 16134 92819 96683 202 82704 47869 474 50128 62649 97783 94223 15222 10639 83157 2393 84862 44725 24145 64213 15166 77364 54437 74956 97734 71752 17183 90717 22560 36480 82467 48850 68966 75286 45533 69168 57991 93403 85994 24471 72404 83778 35046 3978 94417 
34555 6371 79279 95633 46868 43493 10799 40584 14282 85755 38319 86034 19291 45388 8594 55771 44207 73797 41089 19494 19330 10258 93837 29085 12604 34660 1489 96382 86058 21820 90800 20613 28191 86431 16246 91412 46276 27046 31996 60558 29153 86667 62945 48444 32056 87891 20567 76263 61688 78009 12109 81019 4619 22298 26456 17223 56958 44298 13606 43016 66118 20758 79982 10661 23541 96228 2073 69818 39626 34070 46728 68780 20737 9673 33576 69145 97565 70496 45409 59253 48505 73870 56624 53124 96169 99433 70347 53127 43731 305 12496 9849 21063 92478 20510 60957 5058 38936 30775 44685 
89358 77503 13465 26447 3529 47041 95593 1094 17537 57354 76699 82394 31224 49676 35518 43745 49109 22218 13225 9192 22523 25721 19041 59939 34551 55903 20896 39609 11191 68023 84294 549 61878 14111 26997 81759 61153 22590 82853 95042 96296 75905 93789 43872 41933 29307 87618 7394 67877 843 16586 6753 42916 51979 66692 77467 7882 3940 33428 19074 88315 17723 35975 66545 31834 62972 48305 9339 1914 47510 20734 98210 23415 14523 58435 81700 60182 46053 89094 28060 46896 22032 34813 89812 74011 17857 83631 81894 38149 17059 17320 42816 51134 53295 9361 99321 32620 57666 25012 50886 
5177 45746 65449 44944 76621 23884 26645 53156 69937 32091 81216 33185 54124 32381 39349 44487 66590 22980 26381 21091 56391 60053 63907 7526 29701 73268 6847 78673 47287 48211 29559 52464 10310 95008 13760 86931 35244 56757 40087 21533 88849 37655 54718 59325 86388 94067 3812 52978 33399 46546 74069 89791 22951 54328 13669 69004 27597 36868 47677 74884 85079 93589 43700 95389 4949 57460 98673 40194 14218 55112 61727 19419 9120 16446 95096 95508 26865 15260 64839 76617 61806 55260 66408 1110 9589 96429 70114 53538 33297 17792 44774 34728 11381 88474 30118 16330 62286 45143 72876 92856 
255 34604 28627 25727 67402 40075 21236 10619 55336 2427 87236 33494 57687 53644 34604 67276 50073 4719 37166 99722 38863 81940 34451 66596 86766 80921 99278 65405 26064 72155 58261 42671 23111 3241 68399 90513 43316 5987 1132 15004 8414 4721 48499 66101 58365 99455 49730 24791 20526 86896 40865 59389 68837 75316 42337 55603 72589 41616 21008 15005 30123 95622 57677 69586 15215 42428 76451 74883 48415 77583 89888 56829 98656 54739 39282 57022 54194 89012 98165 74721 75909 55382 50462 44746 47051 92800 16701 19640 50768 54062 34646 97243 66036 8675 66829 97603 51103 43280 72486 99518 
37215 78726 72699 35872 33465 11981 9246 87660 994 23763 62381 93255 79145 12843 54353 26196 21995 71054 62189 72763 41468 96835 86358 23856 5510 53187 21459 72965 96467 93946 72483 33683 72672 61534 85907 6138 73515 95153 10150 74509 18916 88883 67764 98061 18078 38469 40610 40074 9524 2799 29189 67344 99634 15548 91201 21496 68735 12660 94461 81555 22958 83296 31590 95631 44830 17497 18121 34697 12650 44623 25559 47918 33506 9675 62331 51584 48145 2941 8010 57669 5740 37200 41365 21726 69100 32566 59574 37835 45227 70387 35742 84537 53683 67332 80168 14865 84829 14641 49563 13831 
59264 75122 61749 92770 1149 24081 60707 49294 27022 68717 23315 49115 5917 64681 87193 75017 97247 46768 29205 58826 17155 64947 43364 87191 48632 39884 2056 33461 70878 67971 63645 30142 59445 25394 39265 60595 65827 99972 9889 9202 68689 33205 58317 90959 97886 45510 82328 11485 8630 27885 86664 25786 9185 46380 12977 57817 86264 31385 7630 57142 15709 71275 3637 75154 13022 42902 52101 78849 59226 61991 88051 44267 11548 62720 35226 25786 24583 33907 37271 33213 61792 40287 75351 87329 86667 4680 45146 72932 36066 52777 46426 68127 40404 50063 43281 53426 9317 11735 48628 
